1 4273
2 149836
3 7065
4 7535
5 13309
6 13128
7 5049
8 5206
9 43443
10 5649
11 11346
12 5756
13 31554
14 4488
15 149950
16 31657
17 5182
18 6674
19 151882
20 27112
21 4488
22 5130
23 156025
24 4502
25 15621
26 5472
27 807
28 43443
29 8053
30 10910
31 2115
32 5099
33 2468
34 13309
35 45703
36 15356
37 3235
38 47704
39 30868
40 37273
41 6750
42 149950
43 8410
44 12810
45 4932
46 4488
47 4488
48 31855
49 72971
50 2159
102 144979
103 648
104 2305
105 18131
106 8270
107 3194
108 2731
109 38585
110 3535
111 15763
112 1773
113 26696
114 215
115 145093
116 26799
117 2771
118 2774
119 147024
120 22255
121 215
122 2704
123 151168
124 3892
125 20038
126 2175
127 4794
128 38585
129 2005
130 3869
131 3293
132 3686
133 4061
134 18131
135 41877
136 19772
137 2621
138 42846
139 26010
140 41690
141 1264
142 145093
143 1499
144 4249
145 3097
146 215
147 215
148 26997
149 65242
150 2260
203 146693
204 147677
205 170768
206 138923
207 147325
208 147558
209 112834
210 148144
211 153154
212 146990
213 127886
214 145340
215 114
216 127989
217 146943
218 148864
219 1545
220 129173
221 145340
222 146884
223 5806
224 148023
225 152385
226 146995
227 150406
228 112834
229 147952
230 142630
231 147622
232 148304
233 148192
234 170768
235 142121
236 147127
237 146752
238 105201
239 123384
240 148401
241 146378
242 114
243 144856
244 144199
245 147284
246 145340
247 145340
248 128187
249 114488
250 145509
304 1799
305 17958
306 9484
307 2335
308 2083
309 39799
310 3943
311 15590
312 1125
313 27909
314 515
315 146306
316 28012
317 1802
318 1995
319 148237
320 23468
321 515
322 1954
323 152381
324 2558
325 19865
326 1527
327 6101
328 39799
329 2081
330 4517
331 3358
332 2906
333 3888
334 17958
335 43090
336 19599
337 2106
338 44059
339 27223
340 41517
341 616
342 146306
343 2147
344 4668
345 2128
346 515
347 515
348 28210
349 66456
350 2600
405 21111
406 10540
407 3279
408 3345
409 40855
410 2555
411 17777
412 1985
413 28965
414 2304
415 147362
416 29068
417 2745
418 1196
419 149293
420 24524
421 2304
422 3359
423 153437
424 4328
425 22052
426 2470
427 8289
428 40855
429 532
430 6477
431 5116
432 2699
433 5492
434 21111
435 44146
436 21787
437 4052
438 45115
439 28279
440 43704
441 1911
442 147362
443 5319
444 4944
445 3071
446 2304
447 2304
448 29266
449 67512
450 4588
506 26250
507 18736
508 18515
509 63513
510 20139
511 15190
512 18779
513 52248
514 20614
515 171154
516 52350
517 18202
518 20779
519 173085
520 48668
521 20614
522 17841
523 177229
524 18189
525 11186
526 18513
527 14109
528 63513
529 21862
530 24031
531 17190
532 20283
533 16647
534 0
535 58242
536 19970
537 17719
538 67774
539 43989
540 49812
541 19872
542 171154
543 21532
544 25673
545 18528
546 20614
547 20614
548 52548
549 85510
550 18975
607 11011
608 11244
609 32179
610 11830
611 23580
612 10676
613 20290
614 9026
615 138687
616 20393
617 10629
618 12550
619 140618
620 15848
621 9026
622 10570
623 144761
624 11709
625 27855
626 10681
627 14092
628 32179
629 11638
630 4509
631 11308
632 11990
633 11878
634 25948
635 35471
636 27589
637 10438
638 36440
639 19604
640 40911
641 10064
642 138687
643 8542
644 6053
645 10970
646 9026
647 9026
648 20591
649 58836
650 9195
708 784
709 40095
710 1398
711 15046
712 1333
713 28206
714 2639
715 146602
716 28308
717 756
718 2090
719 148533
720 23764
721 2639
722 652
723 152677
724 1260
725 19321
726 808
727 5558
728 40095
729 3469
730 7561
731 2264
732 1540
733 2775
734 16846
735 43386
736 19056
737 1012
738 44355
739 27520
740 40973
741 1508
742 146602
743 5062
744 8226
745 510
746 2639
747 2639
748 28506
749 66752
750 2438
809 40688
810 1286
811 15357
812 1222
813 28799
814 2528
815 147196
816 28902
817 648
818 2702
819 149127
820 24358
821 2528
822 687
823 153271
824 1147
825 19632
826 938
827 5869
828 40688
829 4080
830 8155
831 2301
832 1427
833 2811
834 17456
835 43980
836 19367
837 1049
838 44949
839 28113
840 41284
841 1396
842 147196
843 5655
844 8837
845 398
846 2528
847 2528
848 29100
849 67345
850 3099
910 41520
911 45294
912 40366
913 20026
914 38716
915 113052
916 20129
917 40319
918 42241
919 114983
920 21313
921 38716
922 40261
923 119127
924 41399
925 44525
926 40371
927 43782
928 0
929 41328
930 36006
931 40998
932 41680
933 41568
934 62909
935 22555
936 39268
937 40128
938 9672
939 15273
940 40541
941 39754
942 113052
943 38232
944 37575
945 40661
946 38716
947 38716
948 20327
949 32227
950 38886
1011 15173
1012 1732
1013 29309
1014 3038
1015 147706
1016 29412
1017 1159
1018 1794
1019 149637
1020 24868
1021 3038
1022 1197
1023 153781
1024 1129
1025 19448
1026 1448
1027 5685
1028 41199
1029 3448
1030 8665
1031 2809
1032 918
1033 3319
1034 17967
1035 44490
1036 19182
1037 1560
1038 45459
1039 28624
1040 41100
1041 1907
1042 147706
1043 6166
1044 7260
1045 909
1046 3038
1047 3038
1048 29610
1049 67856
1050 3609
1112 15836
1113 33848
1114 17573
1115 152754
1116 33951
1117 15263
1118 16755
1119 154686
1120 30268
1121 17573
1122 15210
1123 158829
1124 14583
1125 7120
1126 15552
1127 11650
1128 45114
1129 18134
1130 20990
1131 12723
1132 15180
1133 14419
1134 14125
1135 39296
1136 8949
1137 13618
1138 49374
1139 40948
1140 30866
1141 16831
1142 152754
1143 18491
1144 22891
1145 15013
1146 17573
1147 17573
1148 34149
1149 66564
1150 12390
1213 28054
1214 1472
1215 146451
1216 28157
1217 1035
1218 1626
1219 148382
1220 23613
1221 1472
1222 1650
1223 152526
1224 1669
1225 19795
1226 761
1227 6032
1228 39944
1229 2341
1230 7410
1231 3248
1232 1943
1233 3818
1234 17888
1235 43235
1236 19529
1237 2378
1238 44204
1239 27368
1240 41447
1241 341
1242 146451
1243 3229
1244 4986
1245 1361
1246 1472
1247 1472
1248 28355
1249 66600
1250 2612
1314 27051
1315 128755
1316 108
1317 28654
1318 30576
1319 130686
1320 6474
1321 27051
1322 28596
1323 134830
1324 29734
1325 31894
1326 28706
1327 32117
1328 21114
1329 29663
1330 24341
1331 29333
1332 30016
1333 29904
1334 50278
1335 24418
1336 26637
1337 28463
1338 25375
1339 22841
1340 27911
1341 28089
1342 128755
1343 26568
1344 25911
1345 28996
1346 27051
1347 27051
1348 312
1349 47783
1350 27221
1415 145307
1416 27013
1417 2317
1418 2641
1419 147238
1420 22469
1421 0
1422 2469
1423 151382
1424 3074
1425 20252
1426 2042
1427 5009
1428 38800
1429 1872
1430 3763
1431 3507
1432 3553
1433 4275
1434 18346
1435 42091
1436 19987
1437 2835
1438 43060
1439 26225
1440 41904
1441 1132
1442 145307
1443 1714
1444 4024
1445 2643
1446 0
1447 0
1448 27211
1449 65457
1450 2475
1516 128103
1517 147057
1518 148979
1519 1431
1520 129287
1521 145454
1522 146999
1523 5692
1524 148137
1525 152499
1526 147109
1527 150520
1528 112948
1529 148066
1530 142744
1531 147736
1532 148418
1533 148306
1534 170883
1535 142235
1536 147242
1537 146866
1538 105315
1539 123498
1540 148515
1541 146492
1542 0
1543 144970
1544 144313
1545 147398
1546 145454
1547 145454
1548 128301
1549 114602
1550 145623
1617 28547
1618 30468
1619 130578
1620 6366
1621 26944
1622 28488
1623 134722
1624 29627
1625 31787
1626 28599
1627 32010
1628 21007
1629 29556
1630 24234
1631 29226
1632 29908
1633 29796
1634 50171
1635 24310
1636 26530
1637 28356
1638 25267
1639 22734
1640 27803
1641 27982
1642 128647
1643 26460
1644 25803
1645 28888
1646 26944
1647 26944
1648 204
1649 47675
1650 27113
1718 2629
1719 149055
1720 24285
1721 2456
1722 615
1723 153198
1724 1076
1725 19560
1726 866
1727 5797
1728 40616
1729 4008
1730 8083
1731 2235
1732 1356
1733 2745
1734 17385
1735 43908
1736 19295
1737 977
1738 44877
1739 28041
1740 41212
1741 1325
1742 147123
1743 5583
1744 8765
1745 326
1746 2456
1747 2456
1748 29028
1749 67273
1750 3027
1819 150407
1820 25638
1821 3265
1822 3104
1823 154551
1824 4073
1825 21797
1826 2215
1827 8034
1828 41969
1829 1492
1830 7782
1831 4860
1832 2205
1833 5237
1834 20207
1835 45260
1836 21531
1837 3797
1838 46229
1839 29394
1840 43449
1841 1886
1842 148476
1843 6624
1844 6249
1845 2815
1846 3265
1847 3265
1848 30381
1849 68626
1850 4333
1920 131358
1921 147525
1922 149070
1923 4453
1924 150208
1925 154570
1926 149180
1927 152592
1928 115020
1929 150137
1930 144815
1931 149807
1932 150490
1933 150378
1934 172954
1935 144306
1936 149313
1937 148938
1938 107387
1939 125570
1940 150587
1941 148563
1942 1425
1943 147042
1944 146385
1945 149470
1946 147525
1947 147525
1948 130373
1949 116674
1950 147695
2021 22681
2022 24226
2023 134177
2024 25364
2025 30127
2026 24336
2027 27747
2028 20461
2029 25293
2030 19971
2031 24963
2032 25645
2033 25533
2034 48511
2035 19795
2036 24870
2037 24093
2038 24722
2039 17224
2040 26144
2041 23719
2042 128102
2043 22197
2044 21540
2045 24625
2046 22681
2047 22681
2048 5824
2049 43160
2050 22850
2122 2469
2123 151382
2124 3074
2125 20252
2126 2042
2127 5009
2128 38800
2129 1872
2130 3763
2131 3507
2132 3553
2133 4275
2134 18346
2135 42091
2136 19987
2137 2835
2138 43060
2139 26225
2140 41904
2141 1132
2142 145307
2143 1714
2144 4024
2145 2643
2146 0
2147 0
2148 27211
2149 65457
2150 2475
2223 152584
2224 1633
2225 19298
2226 1231
2227 5535
2228 40002
2229 3884
2230 7468
2231 1614
2232 1915
2233 2124
2234 16764
2235 43293
2236 19032
2237 363
2238 44262
2239 27426
2240 40950
2241 3308
2242 146509
2243 4969
2244 8641
2245 925
2246 4051
2247 4051
2248 28413
2249 66658
2250 2412
2324 153890
2325 158252
2326 152862
2327 156273
2328 118702
2329 153819
2330 148497
2331 153489
2332 154172
2333 154060
2334 176636
2335 147988
2336 152995
2337 152620
2338 111069
2339 129252
2340 154269
2341 152245
2342 7852
2343 150724
2344 150067
2345 153152
2346 151207
2347 151207
2348 134055
2349 120356
2350 151377
2425 19083
2426 876
2427 5319
2428 40629
2429 4021
2430 8095
2431 2241
2432 1043
2433 2751
2434 17397
2435 43920
2436 18817
2437 990
2438 44889
2439 28053
2440 40735
2441 1506
2442 147136
2443 5596
2444 8778
2445 338
2446 2638
2447 2638
2448 29040
2449 67286
2450 3039
2526 19865
2527 15963
2528 44411
2529 22446
2530 25302
2531 17035
2532 19492
2533 18731
2534 10255
2535 38593
2536 5825
2537 17931
2538 48671
2539 45261
2540 30164
2541 21143
2542 152052
2543 22803
2544 27203
2545 19325
2546 21886
2547 21886
2548 33446
2549 65861
2550 16702
2627 5563
2628 40332
2629 2822
2630 7799
2631 2510
2632 1626
2633 3012
2634 17083
2635 43623
2636 19060
2637 1249
2638 44593
2639 27757
2640 40978
2641 1027
2642 146839
2643 5299
2644 7814
2645 601
2646 2158
2647 2158
2648 28744
2649 66989
2650 2689
2728 43606
2729 8216
2730 11073
2731 2154
2732 5262
2733 2507
2734 13473
2735 45866
2736 15519
2737 3274
2738 47867
2739 31031
2740 37436
2741 6913
2742 150114
2743 8573
2744 12973
2745 5095
2746 4651
2747 4651
2748 32018
2749 73134
2750 2322
2829 41328
2830 36006
2831 40998
2832 41680
2833 41568
2834 62909
2835 22555
2836 39268
2837 40128
2838 9672
2839 15273
2840 40541
2841 39754
2842 113052
2843 38232
2844 37575
2845 40661
2846 38716
2847 38716
2848 20327
2849 32227
2850 38886
2930 6379
2931 5372
2932 3894
2933 5748
2934 21013
2935 44402
2936 22043
2937 4308
2938 45371
2939 28536
2940 43960
2941 2167
2942 147618
2943 5222
2944 4846
2945 3327
2946 2206
2947 2206
2948 29523
2949 67768
2950 4845
3031 8991
3032 9111
3033 9561
3034 23631
3035 39996
3036 25272
3037 8121
3038 40965
3039 24129
3040 45437
3041 7747
3042 143212
3043 2062
3044 1971
3045 8653
3046 3459
3047 3459
3048 25116
3049 63362
3050 6878
3132 2861
3133 1699
3134 16058
3135 47268
3136 16922
3137 1310
3138 45228
3139 28392
3140 38839
3141 4274
3142 147475
3143 5935
3144 10273
3145 2387
3146 5017
3147 5017
3148 29379
3149 74536
3150 1998
3233 3181
3234 18493
3235 49396
3236 19049
3237 1986
3238 45886
3239 29050
3240 40967
3241 2330
3242 148132
3243 6592
3244 7722
3245 1335
3246 3461
3247 3461
3248 30037
3249 76664
3250 4723
3334 15631
3335 47641
3336 17294
3337 1940
3338 45926
3339 29091
3340 39212
3341 4973
3342 148173
3343 6633
3344 10903
3345 3629
3346 5715
3347 5715
3348 30077
3349 68323
3350 2370
3435 58242
3436 19970
3437 17719
3438 67774
3439 43989
3440 49812
3441 19872
3442 171154
3443 21532
3444 25673
3445 18528
3446 20614
3447 20614
3448 52548
3449 85510
3450 18975
3536 33110
3537 42592
3538 27615
3539 36215
3540 12696
3541 42217
3542 142129
3543 40696
3544 40039
3545 43124
3546 41179
3547 41179
3548 22729
3549 29984
3550 41349
3637 17441
3638 43371
3639 44771
3640 24863
3641 20654
3642 146751
3643 22314
3644 26714
3645 18836
3646 21396
3647 21396
3648 28146
3649 60560
3650 16213
3738 44424
3739 27588
3740 41112
3741 3470
3742 146671
3743 5131
3744 8803
3745 1087
3746 4213
3747 4213
3748 28575
3749 66820
3750 2574
3839 18588
3840 45056
3841 44269
3842 104652
3843 42747
3844 42090
3845 45175
3846 43231
3847 43231
3848 24842
3849 27430
3850 43400
3940 43127
3941 27720
3942 122822
3943 26198
3944 25541
3945 28627
3946 26682
3947 26682
3948 22913
3949 48692
3950 26851
4041 43097
4042 149146
4043 44757
4044 49157
4045 41279
4046 43840
4047 43840
4048 33501
4049 40750
4050 38656
4142 146110
4143 2888
4144 4646
4145 1731
4146 1132
4147 1132
4148 28014
4149 66260
4150 2757
4243 144970
4244 144313
4245 147398
4246 145454
4247 145454
4248 128301
4249 114602
4250 145623
4344 3199
4345 5638
4346 1725
4347 1725
4348 26473
4349 64718
4350 3307
4445 8071
4446 4024
4447 4024
4448 25847
4449 64092
4450 9589
4546 2690
4547 2690
4548 29275
4549 67520
4550 3274
4647 0
4648 27211
4649 65457
4650 2475
4748 27211
4749 65457
4750 2475
4849 47308
4850 26746
4950 64309
[[9223372036854775807, 4273, 149836, 7065, 7535, 13309, 13128, 5049, 5206, 43443, 5649, 11346, 5756, 31554, 4488, 149950, 31657, 5182, 6674, 151882, 27112, 4488, 5130, 156025, 4502, 15621, 5472, 807, 43443, 8053, 10910, 2115, 5099, 2468, 13309, 45703, 15356, 3235, 47704, 30868, 37273, 6750, 149950, 8410, 12810, 4932, 4488, 4488, 31855, 72971, 2159], [4273, 9223372036854775807, 144979, 648, 2305, 18131, 8270, 3194, 2731, 38585, 3535, 15763, 1773, 26696, 215, 145093, 26799, 2771, 2774, 147024, 22255, 215, 2704, 151168, 3892, 20038, 2175, 4794, 38585, 2005, 3869, 3293, 3686, 4061, 18131, 41877, 19772, 2621, 42846, 26010, 41690, 1264, 145093, 1499, 4249, 3097, 215, 215, 26997, 65242, 2260], [149836, 144979, 9223372036854775807, 146693, 147677, 170768, 138923, 147325, 147558, 112834, 148144, 153154, 146990, 127886, 145340, 114, 127989, 146943, 148864, 1545, 129173, 145340, 146884, 5806, 148023, 152385, 146995, 150406, 112834, 147952, 142630, 147622, 148304, 148192, 170768, 142121, 147127, 146752, 105201, 123384, 148401, 146378, 114, 144856, 144199, 147284, 145340, 145340, 128187, 114488, 145509], [7065, 648, 146693, 9223372036854775807, 1799, 17958, 9484, 2335, 2083, 39799, 3943, 15590, 1125, 27909, 515, 146306, 28012, 1802, 1995, 148237, 23468, 515, 1954, 152381, 2558, 19865, 1527, 6101, 39799, 2081, 4517, 3358, 2906, 3888, 17958, 43090, 19599, 2106, 44059, 27223, 41517, 616, 146306, 2147, 4668, 2128, 515, 515, 28210, 66456, 2600], [7535, 2305, 147677, 1799, 9223372036854775807, 21111, 10540, 3279, 3345, 40855, 2555, 17777, 1985, 28965, 2304, 147362, 29068, 2745, 1196, 149293, 24524, 2304, 3359, 153437, 4328, 22052, 2470, 8289, 40855, 532, 6477, 5116, 2699, 5492, 21111, 44146, 21787, 4052, 45115, 28279, 43704, 1911, 147362, 5319, 4944, 3071, 2304, 2304, 29266, 67512, 4588], [13309, 18131, 170768, 17958, 21111, 9223372036854775807, 26250, 18736, 18515, 63513, 20139, 15190, 18779, 52248, 20614, 171154, 52350, 18202, 20779, 173085, 48668, 20614, 17841, 177229, 18189, 11186, 18513, 14109, 63513, 21862, 24031, 17190, 20283, 16647, 0, 58242, 19970, 17719, 67774, 43989, 49812, 19872, 171154, 21532, 25673, 18528, 20614, 20614, 52548, 85510, 18975], [13128, 8270, 138923, 9484, 10540, 26250, 9223372036854775807, 11011, 11244, 32179, 11830, 23580, 10676, 20290, 9026, 138687, 20393, 10629, 12550, 140618, 15848, 9026, 10570, 144761, 11709, 27855, 10681, 14092, 32179, 11638, 4509, 11308, 11990, 11878, 25948, 35471, 27589, 10438, 36440, 19604, 40911, 10064, 138687, 8542, 6053, 10970, 9026, 9026, 20591, 58836, 9195], [5049, 3194, 147325, 2335, 3279, 18736, 11011, 9223372036854775807, 784, 40095, 1398, 15046, 1333, 28206, 2639, 146602, 28308, 756, 2090, 148533, 23764, 2639, 652, 152677, 1260, 19321, 808, 5558, 40095, 3469, 7561, 2264, 1540, 2775, 16846, 43386, 19056, 1012, 44355, 27520, 40973, 1508, 146602, 5062, 8226, 510, 2639, 2639, 28506, 66752, 2438], [5206, 2731, 147558, 2083, 3345, 18515, 11244, 784, 9223372036854775807, 40688, 1286, 15357, 1222, 28799, 2528, 147196, 28902, 648, 2702, 149127, 24358, 2528, 687, 153271, 1147, 19632, 938, 5869, 40688, 4080, 8155, 2301, 1427, 2811, 17456, 43980, 19367, 1049, 44949, 28113, 41284, 1396, 147196, 5655, 8837, 398, 2528, 2528, 29100, 67345, 3099], [43443, 38585, 112834, 39799, 40855, 63513, 32179, 40095, 40688, 9223372036854775807, 41520, 45294, 40366, 20026, 38716, 113052, 20129, 40319, 42241, 114983, 21313, 38716, 40261, 119127, 41399, 44525, 40371, 43782, 0, 41328, 36006, 40998, 41680, 41568, 62909, 22555, 39268, 40128, 9672, 15273, 40541, 39754, 113052, 38232, 37575, 40661, 38716, 38716, 20327, 32227, 38886], [5649, 3535, 148144, 3943, 2555, 20139, 11830, 1398, 1286, 41520, 9223372036854775807, 15173, 1732, 29309, 3038, 147706, 29412, 1159, 1794, 149637, 24868, 3038, 1197, 153781, 1129, 19448, 1448, 5685, 41199, 3448, 8665, 2809, 918, 3319, 17967, 44490, 19182, 1560, 45459, 28624, 41100, 1907, 147706, 6166, 7260, 909, 3038, 3038, 29610, 67856, 3609], [11346, 15763, 153154, 15590, 17777, 15190, 23580, 15046, 15357, 45294, 15173, 9223372036854775807, 15836, 33848, 17573, 152754, 33951, 15263, 16755, 154686, 30268, 17573, 15210, 158829, 14583, 7120, 15552, 11650, 45114, 18134, 20990, 12723, 15180, 14419, 14125, 39296, 8949, 13618, 49374, 40948, 30866, 16831, 152754, 18491, 22891, 15013, 17573, 17573, 34149, 66564, 12390], [5756, 1773, 146990, 1125, 1985, 18779, 10676, 1333, 1222, 40366, 1732, 15836, 9223372036854775807, 28054, 1472, 146451, 28157, 1035, 1626, 148382, 23613, 1472, 1650, 152526, 1669, 19795, 761, 6032, 39944, 2341, 7410, 3248, 1943, 3818, 17888, 43235, 19529, 2378, 44204, 27368, 41447, 341, 146451, 3229, 4986, 1361, 1472, 1472, 28355, 66600, 2612], [31554, 26696, 127886, 27909, 28965, 52248, 20290, 28206, 28799, 20026, 29309, 33848, 28054, 9223372036854775807, 27051, 128755, 108, 28654, 30576, 130686, 6474, 27051, 28596, 134830, 29734, 31894, 28706, 32117, 21114, 29663, 24341, 29333, 30016, 29904, 50278, 24418, 26637, 28463, 25375, 22841, 27911, 28089, 128755, 26568, 25911, 28996, 27051, 27051, 312, 47783, 27221], [4488, 215, 145340, 515, 2304, 20614, 9026, 2639, 2528, 38716, 3038, 17573, 1472, 27051, 9223372036854775807, 145307, 27013, 2317, 2641, 147238, 22469, 0, 2469, 151382, 3074, 20252, 2042, 5009, 38800, 1872, 3763, 3507, 3553, 4275, 18346, 42091, 19987, 2835, 43060, 26225, 41904, 1132, 145307, 1714, 4024, 2643, 0, 0, 27211, 65457, 2475], [149950, 145093, 114, 146306, 147362, 171154, 138687, 146602, 147196, 113052, 147706, 152754, 146451, 128755, 145307, 9223372036854775807, 128103, 147057, 148979, 1431, 129287, 145454, 146999, 5692, 148137, 152499, 147109, 150520, 112948, 148066, 142744, 147736, 148418, 148306, 170883, 142235, 147242, 146866, 105315, 123498, 148515, 146492, 0, 144970, 144313, 147398, 145454, 145454, 128301, 114602, 145623], [31657, 26799, 127989, 28012, 29068, 52350, 20393, 28308, 28902, 20129, 29412, 33951, 28157, 108, 27013, 128103, 9223372036854775807, 28547, 30468, 130578, 6366, 26944, 28488, 134722, 29627, 31787, 28599, 32010, 21007, 29556, 24234, 29226, 29908, 29796, 50171, 24310, 26530, 28356, 25267, 22734, 27803, 27982, 128647, 26460, 25803, 28888, 26944, 26944, 204, 47675, 27113], [5182, 2771, 146943, 1802, 2745, 18202, 10629, 756, 648, 40319, 1159, 15263, 1035, 28654, 2317, 147057, 28547, 9223372036854775807, 2629, 149055, 24285, 2456, 615, 153198, 1076, 19560, 866, 5797, 40616, 4008, 8083, 2235, 1356, 2745, 17385, 43908, 19295, 977, 44877, 28041, 41212, 1325, 147123, 5583, 8765, 326, 2456, 2456, 29028, 67273, 3027], [6674, 2774, 148864, 1995, 1196, 20779, 12550, 2090, 2702, 42241, 1794, 16755, 1626, 30576, 2641, 148979, 30468, 2629, 9223372036854775807, 150407, 25638, 3265, 3104, 154551, 4073, 21797, 2215, 8034, 41969, 1492, 7782, 4860, 2205, 5237, 20207, 45260, 21531, 3797, 46229, 29394, 43449, 1886, 148476, 6624, 6249, 2815, 3265, 3265, 30381, 68626, 4333], [151882, 147024, 1545, 148237, 149293, 173085, 140618, 148533, 149127, 114983, 149637, 154686, 148382, 130686, 147238, 1431, 130578, 149055, 150407, 9223372036854775807, 131358, 147525, 149070, 4453, 150208, 154570, 149180, 152592, 115020, 150137, 144815, 149807, 150490, 150378, 172954, 144306, 149313, 148938, 107387, 125570, 150587, 148563, 1425, 147042, 146385, 149470, 147525, 147525, 130373, 116674, 147695], [27112, 22255, 129173, 23468, 24524, 48668, 15848, 23764, 24358, 21313, 24868, 30268, 23613, 6474, 22469, 129287, 6366, 24285, 25638, 131358, 9223372036854775807, 22681, 24226, 134177, 25364, 30127, 24336, 27747, 20461, 25293, 19971, 24963, 25645, 25533, 48511, 19795, 24870, 24093, 24722, 17224, 26144, 23719, 128102, 22197, 21540, 24625, 22681, 22681, 5824, 43160, 22850], [4488, 215, 145340, 515, 2304, 20614, 9026, 2639, 2528, 38716, 3038, 17573, 1472, 27051, 0, 145454, 26944, 2456, 3265, 147525, 22681, 9223372036854775807, 2469, 151382, 3074, 20252, 2042, 5009, 38800, 1872, 3763, 3507, 3553, 4275, 18346, 42091, 19987, 2835, 43060, 26225, 41904, 1132, 145307, 1714, 4024, 2643, 0, 0, 27211, 65457, 2475], [5130, 2704, 146884, 1954, 3359, 17841, 10570, 652, 687, 40261, 1197, 15210, 1650, 28596, 2469, 146999, 28488, 615, 3104, 149070, 24226, 2469, 9223372036854775807, 152584, 1633, 19298, 1231, 5535, 40002, 3884, 7468, 1614, 1915, 2124, 16764, 43293, 19032, 363, 44262, 27426, 40950, 3308, 146509, 4969, 8641, 925, 4051, 4051, 28413, 66658, 2412], [156025, 151168, 5806, 152381, 153437, 177229, 144761, 152677, 153271, 119127, 153781, 158829, 152526, 134830, 151382, 5692, 134722, 153198, 154551, 4453, 134177, 151382, 152584, 9223372036854775807, 153890, 158252, 152862, 156273, 118702, 153819, 148497, 153489, 154172, 154060, 176636, 147988, 152995, 152620, 111069, 129252, 154269, 152245, 7852, 150724, 150067, 153152, 151207, 151207, 134055, 120356, 151377], [4502, 3892, 148023, 2558, 4328, 18189, 11709, 1260, 1147, 41399, 1129, 14583, 1669, 29734, 3074, 148137, 29627, 1076, 4073, 150208, 25364, 3074, 1633, 153890, 9223372036854775807, 19083, 876, 5319, 40629, 4021, 8095, 2241, 1043, 2751, 17397, 43920, 18817, 990, 44889, 28053, 40735, 1506, 147136, 5596, 8778, 338, 2638, 2638, 29040, 67286, 3039], [15621, 20038, 152385, 19865, 22052, 11186, 27855, 19321, 19632, 44525, 19448, 7120, 19795, 31894, 20252, 152499, 31787, 19560, 21797, 154570, 30127, 20252, 19298, 158252, 19083, 9223372036854775807, 19865, 15963, 44411, 22446, 25302, 17035, 19492, 18731, 10255, 38593, 5825, 17931, 48671, 45261, 30164, 21143, 152052, 22803, 27203, 19325, 21886, 21886, 33446, 65861, 16702], [5472, 2175, 146995, 1527, 2470, 18513, 10681, 808, 938, 40371, 1448, 15552, 761, 28706, 2042, 147109, 28599, 866, 2215, 149180, 24336, 2042, 1231, 152862, 876, 19865, 9223372036854775807, 5563, 40332, 2822, 7799, 2510, 1626, 3012, 17083, 43623, 19060, 1249, 44593, 27757, 40978, 1027, 146839, 5299, 7814, 601, 2158, 2158, 28744, 66989, 2689], [807, 4794, 150406, 6101, 8289, 14109, 14092, 5558, 5869, 43782, 5685, 11650, 6032, 32117, 5009, 150520, 32010, 5797, 8034, 152592, 27747, 5009, 5535, 156273, 5319, 15963, 5563, 9223372036854775807, 43606, 8216, 11073, 2154, 5262, 2507, 13473, 45866, 15519, 3274, 47867, 31031, 37436, 6913, 150114, 8573, 12973, 5095, 4651, 4651, 32018, 73134, 2322], [43443, 38585, 112834, 39799, 40855, 63513, 32179, 40095, 40688, 0, 41199, 45114, 39944, 21114, 38800, 112948, 21007, 40616, 41969, 115020, 20461, 38800, 40002, 118702, 40629, 44411, 40332, 43606, 9223372036854775807, 41328, 36006, 40998, 41680, 41568, 62909, 22555, 39268, 40128, 9672, 15273, 40541, 39754, 113052, 38232, 37575, 40661, 38716, 38716, 20327, 32227, 38886], [8053, 2005, 147952, 2081, 532, 21862, 11638, 3469, 4080, 41328, 3448, 18134, 2341, 29663, 1872, 148066, 29556, 4008, 1492, 150137, 25293, 1872, 3884, 153819, 4021, 22446, 2822, 8216, 41328, 9223372036854775807, 6379, 5372, 3894, 5748, 21013, 44402, 22043, 4308, 45371, 28536, 43960, 2167, 147618, 5222, 4846, 3327, 2206, 2206, 29523, 67768, 4845], [10910, 3869, 142630, 4517, 6477, 24031, 4509, 7561, 8155, 36006, 8665, 20990, 7410, 24341, 3763, 142744, 24234, 8083, 7782, 144815, 19971, 3763, 7468, 148497, 8095, 25302, 7799, 11073, 36006, 6379, 9223372036854775807, 8991, 9111, 9561, 23631, 39996, 25272, 8121, 40965, 24129, 45437, 7747, 143212, 2062, 1971, 8653, 3459, 3459, 25116, 63362, 6878], [2115, 3293, 147622, 3358, 5116, 17190, 11308, 2264, 2301, 40998, 2809, 12723, 3248, 29333, 3507, 147736, 29226, 2235, 4860, 149807, 24963, 3507, 1614, 153489, 2241, 17035, 2510, 2154, 40998, 5372, 8991, 9223372036854775807, 2861, 1699, 16058, 47268, 16922, 1310, 45228, 28392, 38839, 4274, 147475, 5935, 10273, 2387, 5017, 5017, 29379, 74536, 1998], [5099, 3686, 148304, 2906, 2699, 20283, 11990, 1540, 1427, 41680, 918, 15180, 1943, 30016, 3553, 148418, 29908, 1356, 2205, 150490, 25645, 3553, 1915, 154172, 1043, 19492, 1626, 5262, 41680, 3894, 9111, 2861, 9223372036854775807, 3181, 18493, 49396, 19049, 1986, 45886, 29050, 40967, 2330, 148132, 6592, 7722, 1335, 3461, 3461, 30037, 76664, 4723], [2468, 4061, 148192, 3888, 5492, 16647, 11878, 2775, 2811, 41568, 3319, 14419, 3818, 29904, 4275, 148306, 29796, 2745, 5237, 150378, 25533, 4275, 2124, 154060, 2751, 18731, 3012, 2507, 41568, 5748, 9561, 1699, 3181, 9223372036854775807, 15631, 47641, 17294, 1940, 45926, 29091, 39212, 4973, 148173, 6633, 10903, 3629, 5715, 5715, 30077, 68323, 2370], [13309, 18131, 170768, 17958, 21111, 0, 25948, 16846, 17456, 62909, 17967, 14125, 17888, 50278, 18346, 170883, 50171, 17385, 20207, 172954, 48511, 18346, 16764, 176636, 17397, 10255, 17083, 13473, 62909, 21013, 23631, 16058, 18493, 15631, 9223372036854775807, 58242, 19970, 17719, 67774, 43989, 49812, 19872, 171154, 21532, 25673, 18528, 20614, 20614, 52548, 85510, 18975], [45703, 41877, 142121, 43090, 44146, 58242, 35471, 43386, 43980, 22555, 44490, 39296, 43235, 24418, 42091, 142235, 24310, 43908, 45260, 144306, 19795, 42091, 43293, 147988, 43920, 38593, 43623, 45866, 22555, 44402, 39996, 47268, 49396, 47641, 58242, 9223372036854775807, 33110, 42592, 27615, 36215, 12696, 42217, 142129, 40696, 40039, 43124, 41179, 41179, 22729, 29984, 41349], [15356, 19772, 147127, 19599, 21787, 19970, 27589, 19056, 19367, 39268, 19182, 8949, 19529, 26637, 19987, 147242, 26530, 19295, 21531, 149313, 24870, 19987, 19032, 152995, 18817, 5825, 19060, 15519, 39268, 22043, 25272, 16922, 19049, 17294, 19970, 33110, 9223372036854775807, 17441, 43371, 44771, 24863, 20654, 146751, 22314, 26714, 18836, 21396, 21396, 28146, 60560, 16213], [3235, 2621, 146752, 2106, 4052, 17719, 10438, 1012, 1049, 40128, 1560, 13618, 2378, 28463, 2835, 146866, 28356, 977, 3797, 148938, 24093, 2835, 363, 152620, 990, 17931, 1249, 3274, 40128, 4308, 8121, 1310, 1986, 1940, 17719, 42592, 17441, 9223372036854775807, 44424, 27588, 41112, 3470, 146671, 5131, 8803, 1087, 4213, 4213, 28575, 66820, 2574], [47704, 42846, 105201, 44059, 45115, 67774, 36440, 44355, 44949, 9672, 45459, 49374, 44204, 25375, 43060, 105315, 25267, 44877, 46229, 107387, 24722, 43060, 44262, 111069, 44889, 48671, 44593, 47867, 9672, 45371, 40965, 45228, 45886, 45926, 67774, 27615, 43371, 44424, 9223372036854775807, 18588, 45056, 44269, 104652, 42747, 42090, 45175, 43231, 43231, 24842, 27430, 43400], [30868, 26010, 123384, 27223, 28279, 43989, 19604, 27520, 28113, 15273, 28624, 40948, 27368, 22841, 26225, 123498, 22734, 28041, 29394, 125570, 17224, 26225, 27426, 129252, 28053, 45261, 27757, 31031, 15273, 28536, 24129, 28392, 29050, 29091, 43989, 36215, 44771, 27588, 18588, 9223372036854775807, 43127, 27720, 122822, 26198, 25541, 28627, 26682, 26682, 22913, 48692, 26851], [37273, 41690, 148401, 41517, 43704, 49812, 40911, 40973, 41284, 40541, 41100, 30866, 41447, 27911, 41904, 148515, 27803, 41212, 43449, 150587, 26144, 41904, 40950, 154269, 40735, 30164, 40978, 37436, 40541, 43960, 45437, 38839, 40967, 39212, 49812, 12696, 24863, 41112, 45056, 43127, 9223372036854775807, 43097, 149146, 44757, 49157, 41279, 43840, 43840, 33501, 40750, 38656], [6750, 1264, 146378, 616, 1911, 19872, 10064, 1508, 1396, 39754, 1907, 16831, 341, 28089, 1132, 146492, 27982, 1325, 1886, 148563, 23719, 1132, 3308, 152245, 1506, 21143, 1027, 6913, 39754, 2167, 7747, 4274, 2330, 4973, 19872, 42217, 20654, 3470, 44269, 27720, 43097, 9223372036854775807, 146110, 2888, 4646, 1731, 1132, 1132, 28014, 66260, 2757], [149950, 145093, 114, 146306, 147362, 171154, 138687, 146602, 147196, 113052, 147706, 152754, 146451, 128755, 145307, 0, 128647, 147123, 148476, 1425, 128102, 145307, 146509, 7852, 147136, 152052, 146839, 150114, 113052, 147618, 143212, 147475, 148132, 148173, 171154, 142129, 146751, 146671, 104652, 122822, 149146, 146110, 9223372036854775807, 144970, 144313, 147398, 145454, 145454, 128301, 114602, 145623], [8410, 1499, 144856, 2147, 5319, 21532, 8542, 5062, 5655, 38232, 6166, 18491, 3229, 26568, 1714, 144970, 26460, 5583, 6624, 147042, 22197, 1714, 4969, 150724, 5596, 22803, 5299, 8573, 38232, 5222, 2062, 5935, 6592, 6633, 21532, 40696, 22314, 5131, 42747, 26198, 44757, 2888, 144970, 9223372036854775807, 3199, 5638, 1725, 1725, 26473, 64718, 3307], [12810, 4249, 144199, 4668, 4944, 25673, 6053, 8226, 8837, 37575, 7260, 22891, 4986, 25911, 4024, 144313, 25803, 8765, 6249, 146385, 21540, 4024, 8641, 150067, 8778, 27203, 7814, 12973, 37575, 4846, 1971, 10273, 7722, 10903, 25673, 40039, 26714, 8803, 42090, 25541, 49157, 4646, 144313, 3199, 9223372036854775807, 8071, 4024, 4024, 25847, 64092, 9589], [4932, 3097, 147284, 2128, 3071, 18528, 10970, 510, 398, 40661, 909, 15013, 1361, 28996, 2643, 147398, 28888, 326, 2815, 149470, 24625, 2643, 925, 153152, 338, 19325, 601, 5095, 40661, 3327, 8653, 2387, 1335, 3629, 18528, 43124, 18836, 1087, 45175, 28627, 41279, 1731, 147398, 5638, 8071, 9223372036854775807, 2690, 2690, 29275, 67520, 3274], [4488, 215, 145340, 515, 2304, 20614, 9026, 2639, 2528, 38716, 3038, 17573, 1472, 27051, 0, 145454, 26944, 2456, 3265, 147525, 22681, 0, 4051, 151207, 2638, 21886, 2158, 4651, 38716, 2206, 3459, 5017, 3461, 5715, 20614, 41179, 21396, 4213, 43231, 26682, 43840, 1132, 145454, 1725, 4024, 2690, 9223372036854775807, 0, 27211, 65457, 2475], [4488, 215, 145340, 515, 2304, 20614, 9026, 2639, 2528, 38716, 3038, 17573, 1472, 27051, 0, 145454, 26944, 2456, 3265, 147525, 22681, 0, 4051, 151207, 2638, 21886, 2158, 4651, 38716, 2206, 3459, 5017, 3461, 5715, 20614, 41179, 21396, 4213, 43231, 26682, 43840, 1132, 145454, 1725, 4024, 2690, 0, 9223372036854775807, 27211, 65457, 2475], [31855, 26997, 128187, 28210, 29266, 52548, 20591, 28506, 29100, 20327, 29610, 34149, 28355, 312, 27211, 128301, 204, 29028, 30381, 130373, 5824, 27211, 28413, 134055, 29040, 33446, 28744, 32018, 20327, 29523, 25116, 29379, 30037, 30077, 52548, 22729, 28146, 28575, 24842, 22913, 33501, 28014, 128301, 26473, 25847, 29275, 27211, 27211, 9223372036854775807, 47308, 26746], [72971, 65242, 114488, 66456, 67512, 85510, 58836, 66752, 67345, 32227, 67856, 66564, 66600, 47783, 65457, 114602, 47675, 67273, 68626, 116674, 43160, 65457, 66658, 120356, 67286, 65861, 66989, 73134, 32227, 67768, 63362, 74536, 76664, 68323, 85510, 29984, 60560, 66820, 27430, 48692, 40750, 66260, 114602, 64718, 64092, 67520, 65457, 65457, 47308, 9223372036854775807, 64309], [2159, 2260, 145509, 2600, 4588, 18975, 9195, 2438, 3099, 38886, 3609, 12390, 2612, 27221, 2475, 145623, 27113, 3027, 4333, 147695, 22850, 2475, 2412, 151377, 3039, 16702, 2689, 2322, 38886, 4845, 6878, 1998, 4723, 2370, 18975, 41349, 16213, 2574, 43400, 26851, 38656, 2757, 145623, 3307, 9589, 3274, 2475, 2475, 26746, 64309, 9223372036854775807]]
[Finished in 230.0s]